#NewTaipeicity_Tourist_2
dis = [
    [0, 17.5, 17.8, 17.5, 16.8, 6.7, 20.9, 10.1, 17.2, 11.4],
    [17.5, 0, 18.6, 0.066, 13.8, 10.7, 7.7, 22.4, 1.9, 21.5],
    [17.8, 18.6, 0, 18.7, 3.3, 11.5, 14.9, 27.8, 18.4, 29.1],
    [17.5, 0.066, 18.7, 0, 13.9, 10.8, 7.8, 22.4, 1.9, 21.5],
    [16.8, 13.8, 3.3, 13.9, 0, 10.5, 10.1, 26.7, 13.6, 28.1],
    [6.7, 10.7, 11.5, 10.8, 10.5, 0, 14.2, 16.6, 10.5, 18.0],
    [20.9, 7.7, 14.9, 7.8, 10.1, 14.2, 0, 26.3, 4.4, 25.4],
    [10.1, 22.4, 27.8, 22.4, 26.7, 16.6, 26.3, 0, 23.8, 1.3],
    [17.2, 1.9, 18.4, 1.9, 13.6, 10.5, 4.4, 23.8, 0, 21.2],
    [11.4, 21.5, 29.1, 21.5, 28.1, 18.0, 25.4, 1.3, 21.2, 0]
]
#NewTaipeicity_Tourist_1
distances = [
    [0, 18.3, 21.9, 25.1, 19.6, 1.6, 15.8, 13, 20.5, 19.5],
    [18.3, 0, 13.7, 20.0, 8.7, 17.5, 2.4, 18.4, 9.6, 11.3],
    [21.9, 13.7, 0, 9.7, 8.5, 21.0, 11.2, 21.9, 7.8, 1.6],
    [25.1, 20.0, 9.7, 0, 21.2, 24.2, 17.4, 25.1, 16.5, 10.3],
    [19.6, 8.7, 8.5, 21.2, 0, 18.7, 6.2, 19.6, 1.0, 6.3],
    [1.6, 17.5, 21.0, 24.2, 18.7, 0, 14.9, 1.6, 19.6, 18.6],
    [15.8, 2.4, 11.2, 17.4, 6.2, 14.9, 0, 16.0, 7.1, 8.9],
    [13, 18.4, 21.9, 25.1, 19.6, 1.6, 16.0, 0, 20.5, 19.5],
    [20.5, 9.6, 7.8, 16.5, 1.0, 19.6, 7.1, 20.5, 0, 5.4],
    [19.5, 11.3, 1.6, 10.3, 6.3, 18.6, 8.9, 19.5, 5.4, 0]
]
#Taipei_Tourist_1.csv
matrix = [
    [0, 2.7, 3.3, 0.7, 1.3, 1.9, 0.9, 1.0, 1.3, 1.9],
    [2.7, 0, 5.3, 3.4, 2.8, 4.5, 2.9, 2.7, 2.1, 4.4],
    [3.3, 5.3, 0, 3.7, 5.0, 4.8, 3.3, 2.8, 4.7, 1.9],
    [0.7, 3.4, 3.7, 0, 2.0, 1.4, 1.9, 2.0, 1.7, 2.4],
    [1.3, 2.8, 5.0, 2.0, 0, 1.8, 2.0, 2.0, 1.2, 2.2],
    [1.9, 4.5, 4.8, 1.4, 1.8, 0, 3.4, 3.5, 2.0, 3.7],
    [0.9, 2.9, 3.3, 1.9, 2.0, 3.4, 0, 0.2, 2.1, 2.0],
    [1.0, 2.7, 2.8, 2.0, 2.0, 3.5, 0.2, 0, 2.2, 1.8],
    [1.3, 2.1, 4.7, 1.7, 1.2, 2.0, 2.1, 2.2, 0, 2.8],
    [1.9, 4.4, 1.9, 2.4, 2.2, 3.7, 2.0, 1.8, 2.8, 0]
]
#Taipei_Tourist_2.csv

matrix = [
    [0, 3.7, 9.0, 4.6, 5.3, 0.9, 7.8, 2.7, 2.5, 4.2],
    [3.7, 0, 8.4, 4.7, 5.1, 3.7, 10.6, 2.9, 2.5, 2.9],
    [9.0, 8.4, 0, 5.9, 6.3, 9.1, 16.0, 6.8, 6.5, 9.8],
    [4.6, 4.7, 5.9, 0, 1.1, 5.0, 11.9, 2.4, 3.1, 6.8],
    [5.3, 5.1, 6.3, 1.1, 0, 5.8, 13.6, 3.2, 3.6, 7.3],
    [0.9, 3.7, 9.1, 5.0, 5.8, 0, 8.4, 3.4, 3.1, 4.8],
    [7.8, 10.6, 16.0, 11.9, 13.6, 8.4, 0, 9.7, 9.5, 11.1],
    [2.7, 2.9, 6.8, 2.4, 3.2, 3.4, 9.7, 0, 0.5, 5.1],
    [2.5, 2.5, 6.5, 3.1, 3.6, 3.1, 9.5, 0.5, 0, 5.1],
    [4.2, 2.9, 9.8, 6.8, 7.3, 4.8, 11.1, 5.1, 5.1, 0]
]
#Taoyuan_Tourist_1.csv
distances = [
    [0, 14.7, 12.4, 6.1, 9.4, 8.9, 5.6, 7.0, 8.7, 5.4],
    [14.7, 0, 21.9, 11.7, 13.3, 8.7, 16.2, 11.4, 8.5, 9.9],
    [12.4, 21.9, 0, 6.8, 7.4, 10.6, 13.8, 6.8, 7.9, 7.9],
    [6.1, 11.7, 6.8, 0, 3.8, 5.7, 7.6, 0.9, 3.1, 3.0],
    [9.4, 13.3, 7.4, 3.8, 0, 7.5, 10.9, 3.8, 4.8, 4.8],
    [8.9, 8.7, 10.6, 5.7, 7.5, 0, 10.4, 4.9, 2.7, 4.1],
    [5.6, 16.2, 13.8, 7.6, 10.9, 10.4, 0, 8.5, 8.5, 6.9],
    [7.0, 11.4, 6.8, 0.9, 3.8, 4.9, 8.5, 0, 2.9, 2.9],
    [8.7, 8.5, 7.9, 3.1, 4.8, 2.7, 8.5, 2.9, 0, 2.3],
    [5.4, 9.9, 7.9, 3.0, 4.8, 4.1, 6.9, 2.9, 2.3, 0]
]
#Taoyuan_Tourist_2.csv
distances = [
    [0, 10.8, 13.8, 11.9, 8.4, 10.5, 5.7, 10.9, 8.6, 4.2],
    [10.8, 0, 8.3, 6.5, 18.3, 20.4, 15.6, 5.5, 18.4, 14.1],
    [13.8, 8.3, 0, 1.8, 21.3, 23.4, 18.5, 2.8, 21.4, 17.1],
    [11.9, 6.5, 1.8, 0, 19.5, 21.6, 16.7, 1.0, 19.6, 15.3],
    [8.4, 18.3, 21.3, 19.5, 0, 6.7, 2.0, 17.7, 0.1, 9.6],
    [10.5, 20.4, 23.4, 21.6, 6.7, 0, 4.9, 20.7, 8.9, 12.5],
    [5.7, 15.6, 18.5, 16.7, 2.0, 4.9, 0, 15.7, 3.9, 7.6],
    [10.9, 5.5, 2.8, 1.0, 17.7, 20.7, 15.7, 0, 18.6, 14.2],
    [8.6, 18.4, 21.4, 19.6, 0.1, 8.9, 3.9, 18.6, 0, 9.7],
    [4.2, 14.1, 17.1, 15.3, 9.6, 12.5, 7.6, 14.2, 9.7, 0]
]
#Yilan_Tourist_2.csv
distance =[
    [0, 0.3, 6.4, 4.5, 5.3, 3.4, 7.1, 6.0, 5.7, 10.4],
    [0.3, 0, 6.1, 5.0, 5.0, 3.1, 6.8, 5.5, 5.4, 10.0],
    [6.4, 6.1, 0, 7.5, 1.2, 3.0, 5.0, 9.3, 1.9, 7.6],
    [4.5, 5.0, 7.5, 0, 6.4, 5.4, 10.3, 6.7, 7.9, 12.2],
    [5.3, 5.0, 1.2, 6.4, 0, 2.1, 5.1, 8.6, 1.6, 7.7],
    [3.4, 3.1, 3.0, 5.4, 2.1, 0, 4.7, 6.5, 2.3, 6.9],
    [7.1, 6.8, 5.0, 10.3, 5.1, 4.7, 0, 7.0, 3.9, 3.1],
    [6.0, 5.5, 9.3, 6.7, 8.6, 6.5, 7.0, 0, 8.8, 7.4],
    [5.7, 5.4, 1.9, 7.9, 1.6, 2.3, 3.9, 8.8, 0, 7.3],
    [10.4, 10.0, 7.6, 12.2, 7.7, 6.9, 3.1, 7.4, 7.3, 0]
]
#Yilan_Tourist_1.csv
distances = [
    [0, 0.3, 4.5, 16.2, 21.2, 6.7, 15.8, 21.0, 11.0, 16.2],
    [0.3, 0, 5.0, 16.2, 21.2, 6.6, 15.7, 21.0, 10.5, 16.1],
    [4.5, 5.0, 0, 14.1, 19.1, 5.4, 13.2, 18.9, 11.7, 14.1],
    [16.2, 16.2, 14.1, 0, 5.1, 9.6, 5.9, 4.9, 22.1, 1],
    [21.2, 21.2, 19.1, 5.1, 0, 14.7, 11.0, 0.2, 27.1, 5.1],
    [6.7, 6.6, 5.4, 9.6, 14.7, 0, 9.2, 14.4, 12.6, 9.6],
    [15.8, 15.7, 13.2, 5.9, 11.0, 9.2, 0, 10.7, 21.7, 5.9],
    [21.0, 21.0, 18.9, 4.9, 0.2, 14.4, 10.7, 0, 26.9, 4.9],
    [11.0, 10.5, 11.7, 22.1, 27.1, 12.6, 21.7, 26.9, 0, 24.2],
    [16.2, 16.1, 14.1, 1, 5.1, 9.6, 5.9, 4.9, 24.2, 0]
]
#幫我改成二維陣列並去掉所有'km'並全部改成數字